No;pm10;so2;co;o3;no2
1;38;36;25;46;9
2;45;36;39;102;8
3;51;37;27;63;10
4;51;38;19;85;10
5;52;39;25;62;9
6;62;37;39;64;9
7;50;38;39;66;11
8;52;40;22;70;11
9;82;38;58;71;13
10;44;37;27;47;9
11;44;38;25;80;9
12;43;38;17;46;5
13;42;38;15;51;8
14;40;32;17;48;9
15;44;29;16;63;9
16;70;60;41;78;12
17;86;34;40;125;20
18;59;30;25;75;7
19;76;34;71;110;15
20;56;31;20;65;9
21;62;36;41;50;15
22;82;36;43;64;15
23;60;32;29;59;18
24;71;30;31;44;13
25;40;29;34;80;12
26;63;30;51;89;11
27;48;30;29;83;13
28;72;31;39;74;17
29;70;30;42;92;19
30;38;30;21;80;20
31;56;30;27;54;16
